52939.0 338
2 472 15 160 29
2 619 21 616 23
3 168 16 385 22 438 47
2 23 14 97 20
3 691 19 163 20 178 25
1 86 13
2 363 20 598 23
2 694 9 159 57
5 48 21 70 25 45 32 587 91 142 92
1 200 14
1 321 17
2 699 37 657 41
1 638 15
3 196 20 648 28 506 54
2 437 25 118 35
2 103 21 206 27
2 483 8 217 13
2 510 25 608 27
2 365 16 706 21
3 182 22 369 24 298 27
2 327 32 378 35
2 38 43 128 47
2 439 12 279 23
1 337 24
2 348 24 696 39
2 543 23 698 33
1 13 13
3 571 14 98 24 632 80
1 249 19
2 40 26 668 48
3 562 18 614 46 695 48
3 364 37 636 38 398 40
1 670 15
2 190 16 661 45
2 592 30 338 40
2 172 32 527 37
2 121 28 26 37
2 318 20 143 26
2 189 24 81 46
2 575 13 494 17
1 524 17
2 234 32 25 42
2 322 18 493 30
1 577 18
2 499 31 646 38
1 75 19
1 512 22
2 227 36 520 39
2 62 44 420 47
1 19 22
1 323 22
2 218 26 459 32
2 191 24 22 27
2 488 24 304 35
1 44 25
3 362 13 479 32 330 38
1 220 26
3 548 27 257 49 341 56
1 529 26
1 308 27
2 15 9 531 27
3 276 8 464 28 27 38
2 156 49 514 57
2 164 30 313 53
2 123 39 408 44
1 2 32
3 311 37 358 46 280 49
2 344 35 622 52
3 419 19 136 36 140 40
1 254 33
2 268 20 165 34
2 411 45 352 61
1 392 35
3 71 15 679 29 30 37
2 623 37 569 62
3 334 47 214 53 673 56
2 624 13 251 38
2 51 39 183 84
2 256 41 162 64
2 230 18 345 39
2 281 43 376 50
1 581 39
2 391 22 197 40
1 436 40
3 52 47 458 51 333 64
2 185 43 354 63
1 36 42
2 579 40 295 49
2 561 45 452 49
2 652 44 558 75
3 211 45 10 49 621 53
3 442 46 350 51 650 63
1 351 46
1 554 46
1 222 47
1 293 47
1 656 47
2 59 50 104 65
2 567 48 194 75
1 278 48
2 291 49 114 68
2 289 49 418 147
2 394 50 591 56
2 474 51 203 76
2 56 51 292 60
1 551 50
2 255 51 503 75
2 384 53 492 61
2 564 51 498 86
1 701 51
3 137 51 361 59 324 64
2 167 54 252 80
2 634 55 235 80
1 340 54
2 33 76 173 84
2 210 56 320 70
3 275 58 641 71 568 77
3 480 64 578 70 654 81
3 582 60 590 80 429 88
2 521 58 457 62
2 451 62 550 75
2 193 64 47 71
3 402 49 424 74 355 82
2 126 62 447 78
3 570 63 597 68 307 72
3 204 71 440 77 260 86
2 462 66 310 72
2 390 63 536 72
3 370 37 216 65 399 73
2 617 79 585 92
3 303 64 611 71 302 84
2 50 69 111 81
2 262 70 237 81
2 377 65 366 77
2 505 83 90 88
2 1 67 287 80
2 702 65 502 81
3 644 70 49 78 88 84
3 687 67 395 78 664 80
2 266 76 9 87
4 187 16 453 68 93 75 53 78
4 573 21 635 31 367 69 141 74
3 41 69 288 77 374 91
2 65 84 17 88
3 58 70 667 73 545 88
3 467 74 39 82 54 90
3 116 72 534 90 87 102
3 208 72 349 86 147 90
2 599 73 428 93
3 631 73 201 82 676 95
3 31 86 642 98 115 102
2 212 75 209 97
2 450 76 449 90
3 139 77 124 81 174 92
3 434 77 272 91 263 99
4 481 77 92 84 409 95 448 98
2 34 79 356 92
3 405 38 127 79 612 98
3 238 34 63 79 138 129
2 242 83 373 87
2 610 79 580 85
2 55 98 647 100
3 148 80 406 87 135 92
2 250 82 672 100
3 316 23 397 81 258 94
3 161 82 586 93 609 108
2 663 83 516 90
2 226 84 120 116
3 82 86 106 98 264 101
2 456 85 336 97
2 444 88 144 91
2 523 89 232 97
2 243 86 703 92
3 79 14 665 87 179 114
2 259 88 478 109
2 433 89 596 95
2 96 88 46 92
2 299 91 131 100
2 513 31 166 88
2 425 90 401 101
2 602 88 403 95
2 539 93 555 96
2 572 88 231 120
3 469 31 177 47 496 89
2 640 89 91 113
3 342 90 213 106 375 119
2 381 90 155 137
2 416 90 417 119
2 18 91 473 93
2 300 91 690 108
2 431 14 346 91
2 595 91 426 103
2 692 91 666 109
2 414 92 326 103
2 43 94 463 107
3 169 23 533 92 518 127
3 382 56 331 116 542 121
2 584 97 110 111
2 633 93 490 115
2 675 120 20 121
2 466 96 84 111
2 277 99 219 117
3 461 96 215 110 224 116
2 171 110 253 115
2 335 15 526 95
2 709 97 221 113
2 37 20 353 96
1 489 96
2 629 96 547 109
2 134 97 637 112
2 430 109 658 115
3 537 100 649 109 615 117
2 11 21 5 98
2 245 100 186 106
2 146 12 199 98
2 76 99 8 124
2 151 100 343 109
2 509 99 359 112
2 559 99 553 137
3 519 67 28 106 680 115
1 32 100
3 176 61 112 109 95 111
2 108 106 157 119
2 205 100 630 139
2 372 101 290 112
2 552 102 393 121
2 312 102 247 108
2 67 125 297 127
2 618 108 530 124
2 685 101 476 129
2 170 104 282 115
3 267 107 69 127 443 134
3 557 104 669 108 119 122
2 273 107 404 115
2 271 104 507 137
2 407 29 371 105
2 360 108 588 124
2 674 109 700 125
3 470 9 593 107 236 121
1 241 106
2 538 25 61 107
2 145 112 223 117
2 396 125 29 131
2 388 108 130 140
2 688 108 485 121
2 413 112 306 116
2 78 40 99 110
2 72 25 132 110
2 606 110 556 124
2 296 111 708 142
2 465 112 368 138
3 589 7 3 112 535 124
2 154 92 248 112
2 21 128 454 144
2 686 119 482 133
2 64 116 540 130
4 684 113 600 119 645 123 229 124
2 109 17 468 113
3 639 120 445 128 522 133
2 565 117 660 136
3 607 47 274 121 546 126
3 511 131 158 136 73 139
2 697 118 94 122
3 240 123 435 128 380 138
2 500 145 383 150
2 239 117 150 124
2 659 123 122 135
2 655 129 133 130
2 678 128 325 152
2 387 131 7 147
2 294 24 74 120
2 198 124 225 142
2 83 126 422 141
3 671 121 42 125 207 131
2 246 123 66 136
1 284 121
2 560 22 400 121
2 102 123 6 130
2 501 65 57 122
2 269 133 285 145
2 415 125 228 139
2 329 124 309 138
2 525 125 379 139
2 195 137 651 150
3 544 126 653 133 60 136
2 286 141 261 144
2 347 129 427 137
1 317 126
3 705 127 576 131 662 139
2 192 128 594 144
2 495 138 677 139
2 563 144 707 150
2 412 129 620 144
2 181 129 105 139
2 328 131 487 160
2 693 129 583 133
2 101 131 100 143
2 314 144 175 146
2 532 17 455 130
2 107 137 244 148
2 497 132 432 153
2 601 132 517 153
1 566 132
2 301 134 339 152
2 319 141 153 148
2 689 135 410 141
2 471 141 681 150
2 89 136 233 140
2 643 140 625 158
2 149 138 628 153
2 682 57 16 136
2 14 139 35 148
2 504 137 460 146
2 446 138 605 151
2 421 138 24 167
2 528 23 113 138
2 184 41 386 138
3 613 35 491 139 129 175
2 305 13 125 140
2 357 42 4 141
2 315 142 77 165
2 283 15 270 141
4 626 22 515 142 12 146 484 154
1 603 142
2 475 15 604 142
2 486 143 85 176
2 627 144 683 171
2 441 146 68 151
1 117 145
2 389 23 265 145
2 423 146 508 152
1 332 146
2 477 147 152 162
2 80 148 541 155
2 202 18 549 147
2 574 148 188 158
1 704 148
1 180 11
