33895.0 223
2 23 22 488 25
3 334 21 45 25 32 55
2 399 10 246 13
1 154 5
3 502 32 324 36 118 40
3 339 15 437 29 186 78
2 494 12 54 40
2 458 14 281 17
2 37 13 328 17
3 109 18 71 21 86 23
2 142 15 182 40
2 347 16 296 27
2 119 6 429 43
3 218 8 49 11 202 22
2 291 25 234 27
2 383 17 285 25
1 4 9
2 101 23 85 38
2 454 37 133 39
2 84 30 271 33
2 480 16 156 21
2 30 29 167 40
3 303 27 509 32 387 38
2 3 21 213 27
2 207 19 512 36
2 268 25 36 31
3 35 21 340 35 244 39
2 126 6 323 14
3 219 21 151 22 418 25
2 308 16 471 17
3 439 23 495 44 400 48
3 160 20 108 27 266 32
3 67 39 240 42 79 45
2 493 21 274 37
2 408 26 459 29
3 407 20 248 23 449 30
3 174 20 467 27 203 34
2 1 22 490 35
2 394 20 254 34
2 184 22 452 24
2 38 21 187 23
1 247 21
2 438 33 349 40
2 150 22 422 26
3 469 17 431 21 88 71
3 413 30 16 34 353 76
2 322 23 369 40
3 39 23 456 30 486 41
2 211 43 199 50
3 302 12 231 23 91 41
3 157 15 465 37 343 40
2 230 24 190 50
3 70 21 264 24 461 34
2 455 18 55 25
2 17 15 196 25
2 253 33 341 44
2 229 26 99 37
3 382 20 68 36 345 41
2 356 51 28 55
2 53 16 95 27
3 275 27 74 34 255 46
2 277 27 97 30
2 129 41 57 49
2 180 28 132 40
2 312 38 362 55
2 209 17 515 28
2 500 46 114 57
2 395 22 272 29
2 153 30 385 43
2 496 30 433 40
2 326 32 176 49
2 64 38 527 51
2 388 34 24 41
3 59 14 358 33 214 90
2 517 28 516 32
2 462 33 51 46
3 294 25 188 33 100 39
2 102 53 513 61
2 367 35 94 41
3 365 34 139 36 283 43
2 370 35 212 42
2 93 39 269 50
2 304 36 110 48
2 140 37 120 50
3 124 15 473 38 238 46
1 2 38
3 179 39 396 44 423 51
2 314 51 163 61
3 507 5 491 40 236 46
4 427 40 252 64 417 70 98 74
2 223 42 21 54
2 318 42 40 50
3 457 58 237 62 148 73
1 415 42
3 104 43 9 46 520 84
3 445 43 116 46 72 59
2 171 48 379 55
2 327 45 63 53
1 131 45
2 66 46 416 50
2 532 53 420 56
2 61 53 158 55
2 289 31 193 46
2 310 47 360 72
2 189 50 205 75
2 342 51 78 59
2 460 49 225 54
2 307 50 249 68
3 58 52 535 62 128 67
3 138 52 136 56 19 59
2 524 52 164 55
3 446 53 149 71 83 100
2 73 56 147 74
4 484 20 233 69 350 70 206 87
2 531 55 90 66
3 144 56 487 68 217 79
4 170 57 321 76 392 82 292 92
2 5 57 482 68
2 265 57 204 90
3 194 59 504 71 468 80
2 50 60 152 71
2 464 62 371 75
3 402 17 529 61 397 69
2 42 64 425 76
2 528 61 43 75
3 81 19 192 62 44 68
3 357 62 525 67 257 71
2 359 65 69 92
4 492 25 534 66 161 74 122 83
3 346 72 251 75 145 88
3 278 68 41 73 311 78
2 501 64 267 90
3 155 67 82 69 475 81
3 165 65 526 74 241 83
2 105 67 130 76
3 333 68 378 77 178 81
3 419 67 210 79 414 86
3 121 23 390 67 227 74
3 325 24 337 69 56 84
3 300 13 221 69 76 84
3 106 70 384 80 319 100
3 421 71 127 76 440 100
3 166 25 481 70 200 79
3 485 70 75 76 466 79
2 478 71 375 96
4 380 14 220 72 344 83 208 92
3 424 72 406 84 381 106
3 169 73 523 90 273 93
3 263 74 22 83 89 87
2 306 77 276 80
2 107 81 282 87
3 366 76 27 84 368 96
2 451 76 514 85
2 201 77 295 92
2 123 82 351 104
2 12 82 232 92
2 243 77 29 96
3 301 45 287 78 331 85
3 87 78 183 82 354 87
2 373 77 443 113
2 426 80 215 87
4 279 80 472 96 497 100 297 104
2 401 79 389 101
2 530 81 115 93
2 111 80 299 101
2 258 81 112 92
2 239 81 313 94
2 393 80 332 116
2 60 81 10 94
2 288 82 226 86
3 474 82 364 89 305 101
4 511 11 65 83 7 99 522 118
2 463 84 448 92
3 361 47 409 84 317 102
3 245 11 18 86 483 105
3 374 34 441 86 259 115
3 125 87 489 94 533 106
2 195 88 146 101
2 34 89 31 117
2 262 88 159 98
3 335 97 434 107 242 113
3 33 89 26 92 15 106
2 405 90 172 118
2 352 96 309 99
2 508 10 363 90
2 52 91 13 110
3 315 91 113 104 476 113
2 46 92 477 108
4 372 14 197 94 505 104 6 118
2 386 94 137 104
3 411 96 284 101 519 105
2 177 97 191 107
2 479 94 330 97
3 290 106 185 115 92 127
4 260 22 403 27 348 98 222 100
2 499 98 442 108
2 398 99 518 103
2 453 105 521 110
2 162 102 286 116
2 432 100 228 125
3 329 17 506 104 235 108
3 80 103 404 111 261 118
2 141 102 435 109
3 298 19 336 102 224 121
2 14 103 391 108
2 173 103 410 110
2 250 103 25 138
2 96 104 450 122
3 436 21 48 104 470 108
3 216 23 412 104 316 119
2 376 110 11 126
2 20 106 117 116
3 256 109 181 118 270 125
2 198 108 134 121
2 77 107 377 110
2 338 107 168 115
3 103 38 47 108 320 113
3 143 20 430 108 444 116
3 62 24 355 110 293 117
2 510 109 503 128
3 280 98 8 111 428 123
2 175 36 498 110
2 135 30 447 111
