4580.0 43
3 38 8 45 22 58 24
2 17 10 96 11
4 93 13 44 24 89 29 1 31
5 95 28 57 30 28 39 5 42 9 49
2 29 13 56 17
2 53 14 49 35
2 2 9 77 14
2 18 37 60 41
2 92 49 24 55
2 37 27 51 34
2 62 26 22 32
2 88 31 34 33
3 76 35 23 38 83 45
3 19 11 97 13 30 19
2 6 27 52 31
2 3 13 65 38
3 35 21 80 24 31 47
3 12 47 75 50 27 52
2 54 37 21 43
2 91 34 94 37
2 32 30 15 49
2 86 16 13 22
4 11 24 20 32 82 35 81 39
2 14 28 41 30
2 55 6 68 9
2 87 9 39 47
3 42 14 78 17 26 48
1 7 5
2 66 30 61 38
2 59 24 8 39
2 63 41 47 44
3 67 10 71 46 33 54
2 64 19 98 44
2 16 9 84 39
2 79 19 72 22
4 70 14 40 23 85 27 69 31
2 50 20 36 28
2 74 28 100 32
2 43 50 46 52
1 90 18
1 73 6
2 25 15 4 45
3 99 29 48 39 10 40
